start
start_l= [2.020065416920913, 0.014025343015322572, 1.729885113997063, -1.9700130473453035, 45.638652131558686, -1.420018458732001, 58.15230461982366]
start_r=[-2.0200401239807486, 0.014015713314291878, -1.7299443847583265, -1.9700130473453037, -1.656465144875089, -1.4200527292474447, 20.453175543479663]
before
before_l= [1.042181865195266, 0.05674577918307219, 1.7141703410128142, -1.2368941648991192, 44.01523148337816, -1.3485333030083617, 58.22465995394929]
before_r=[-2.015728979878185, 0.010462726543904772, -1.567023881166522, -1.9705921301908378, -1.656465144875089, -1.4199657114072455, 20.453088525639462]

_l= [0.9436888037751668, 0.05082413456576039, 1.74800520937686, -1.507904936609083, 43.9060161832155, -1.0097293421928222, 58.34966108139542]
_r=[-2.013158874740119, 0.010801106236322572, -1.559968268806247, -1.9713159837477554, -1.656465144875089, -1.420009220327346, 20.453132034559562]
mid
mid_l= [0.7949543322367344, 0.043041401640150585, 1.7608335954864511, -1.610981683114155, 43.982663573424986, -0.7861805107210978, 58.29492685991013]
mid_r=[-2.01174946224505, 0.01097029608253147, -1.5540351402305612, -1.9714607544591392, -1.656465144875089, -1.4200527292474447, 20.453088525639462]
mid1
mid1_l= [0.6511942577397211, 0.06292120856969743, 1.7584282730909027, -1.6768523567936602, 43.87680340430546, -0.5695931064653218, 58.40326407095812]
mid1_r=[-2.01092039607148, 0.011054891005635949, -1.548903785786725, -1.9716055251705225, -1.656465144875089, -1.4201397470876422, 20.453088525639462]
end
end_l= [0.47427153629991337, 0.059029842106892466, 1.7319697267398715, -1.6700481333586343, 43.8498466617865, -0.3616639773093612, 58.364149551788586]
end_r=[-2.009925516663196, 0.011139485928740424, -1.5442534958219982, -1.9716055251705225, -1.656465144875089, -1.4201832560077428, 20.45304501671936]
